


Performance for Solution1 with Q=
[[0.01  0.    0.    0.   ]
 [0.    0.005 0.    0.   ]
 [0.    0.    0.005 0.   ]
 [0.    0.    0.    0.001]], 
R=[[5.e-05]]:

Mean steps: 1526.9166666666667; Mean effort: 4553.8112016726855








Performance for Solution1 with Q=
[[1.    0.    0.    0.   ]
 [0.    0.25  0.    0.   ]
 [0.    0.    1.    0.   ]
 [0.    0.    0.    0.025]], 
R=[[0.00025]]:
Mean steps: 1284.5833333333333; Mean effort: 12416.914008519032



BEST SO FAR:
 (1277.3333333333333, 
 (array([[1.   , 0.   , 0.   , 0.   ],
       [0.   , 0.25 , 0.   , 0.   ],
       [0.   , 0.   , 2.   , 0.   ],
       [0.   , 0.   , 0.   , 0.025]]), 
    
       array([[0.00025]]))) 
       

       (4284.62481626248, 
       (array([[1.  , 0.  , 0.  , 0.  ],
       [0.  , 0.25, 0.  , 0.  ],
       [0.  , 0.  , 1.  , 0.  ],
       [0.  , 0.  , 0.  , 0.05]]), 
       
       array([[0.005]])))






Q=
[[1.    0.    0.    0.   ]
 [0.    0.25  0.    0.   ]
 [0.    0.    2.    0.   ]
 [0.    0.    0.    0.025]], 
R=[[0.000125]]:
Performance for Solution1 with Q=
[[1.    0.    0.    0.   ]
 [0.    0.25  0.    0.   ]
 [0.    0.    2.    0.   ]
 [0.    0.    0.    0.025]], 
R=[[0.000125]]:
Mean steps: 1263.75; Mean effort: 16824.36102186461
